31
21.0
16.3
14.8
14.2
17.0
12.6
21.9
16.1
26.6
17.1
15.9
25.7
31.6
33.9
32.9
26.5
29.9
30.5
37.2
36.6
37.3
38.1
31.5
23.0
25.5
28.4
31.5
35.6
41.1
39.4
30.3
28
27.6
33.4
37.0
38.9
35.0
42.8
43.6
41.2
37.1
35.6
34.6
28.6
25.6
26.8
19.6
14.9
14.0
20.0
21.2
37.5
34.6
33.1
29.4
23.1
19.2
17.5
20.0
22.2
31
22.6
27.5
38.0
30.7
30.8
34.1
27.3
26.3
24.5
28.7
25.6
21.8
32.5
33.5
30.5
35.9
39.8
39.9
31.6
30.1
31.4
33.6
26.5
19.4
20.5
27.1
32.3
36.1
40.7
39.2
41.8
15
41.0
39.9
41.7
40.4
40.1
38.0
41.2
43.8
41.7
39.0
40.8
41.4
39.4
39.5
38.1
31
51.9
52.7
52.2
50.2
51.1
47.7
50.2
53.1
57.3
58.3
54.9
56.0
56.5
51.0
49.5
47.7
45.0
44.2
45.1
47.5
52.8
53.5
51.5
54.9
57.8
58.9
57.7
51.8
49.0
46.0
48.8
30
49.9
49.9
47.3
51.1
51.7
53.9
52.8
56.8
59.8
66.6
60.8
53.3
49.9
50.2
49.9
50.4
54.2
60.0
56.9
58.5
59.1
58.4
50.9
49.7
50.6
53.4
54.7
59.5
60.2
60.2
31
59.0
54.4
56.2
58.2
56.9
55.4
57.8
59.0
60.4
63.9
62.1
55.7
56.0
54.4
54.0
54.7
55.4
59.0
59.2
58.1
60.9
59.8
55.3
54.4
55.0
52.6
53.3
54.7
53.9
55.4
52.5
31
52.0
52.6
53.7
52.8
51.3
52.7
55.1
57.1
56.7
57.6
55.1
59.4
55.3
51.4
50.2
50.6
53.4
54.7
53.9
59.2
57.7
59.0
57.2
55.7
52.6
52.4
53.8
53.9
50.3
54.6
51.9
28
54.5
55.1
52.5
50.0
51.4
57.5
61.3
57.4
56.5
52.8
52.0
53.1
50.6
49.9
55.2
55.2
52.1
51.1
61.9
57.5
50.2
51.4
52.9
51.0
50.6
51.8
51.4
48.9
31
48.3
48.5
47.9
48.0
46.9
47.5
47.8
47.5
46.2
45.4
45.5
43.8
44.5
44.4
37.8
37.8
42.5
42.1
45.8
44.0
41.0
43.9
42.3
44.0
44.1
41.9
40.6
39.5
35.5
31.6
28.6
30
29.8
38.2
38.1
40.5
38.0
36.7
36.5
-99.0
26.3
23.4
27.2
30.2
33.9
35.9
31.6
39.3
42.5
38.1
37.1
40.2
37.1
38.6
37.6
36.1
32.0
24.8
21.1
18.8
21.4
20.8
10
18.3
14.8
12.9
3.6
13.0
1.4
-4.1
-3.1
0.9
18.4