10
53.9
56.1
51.4
51.9
57.3
54.4
55.4
56.9
58.9
60.2
29
65.0
69.5
70.9
69.5
68.9
67.4
65.9
68.9
66.2
61.7
60.1
62.3
60.1
62.8
64.0
64.2
63.9
65.8
68.4
71.7
75.1
73.5
65.5
66.6
70.1
70.7
70.1
69.3
68.1
31
66.4
64.3
66.4
67.6
69.0
69.6
66.1
66.2
67.0
71.8
70.1
65.1
66.0
71.4
74.7
78.9
78.3
73.9
74.1
76.0
74.6
63.3
64.3
57.6
58.5
60.9
63.5
63.4
67.4
67.8
68.5
30
68.8
70.6
75.4
75.8
75.6
76.3
74.9
73.1
70.2
67.8
68.8
72.7
73.5
70.1
65.4
59.6
60.0
63.1
56.7
61.3
63.1
67.3
74.6
77.9
77.7
78.6
79.3
78.2
78.5
81.6
31
82.8
78.3
74.8
76.7
65.5
62.2
61.8
66.1
71.4
75.5
77.7
78.6
73.2
67.2
70.7
71.2
69.1
74.8
82.1
83.7
82.9
80.1
72.0
72.8
75.0
76.7
81.7
82.5
83.5
86.7
86.7
30
88.8
78.5
78.4
83.4
86.1
83.9
78.8
71.3
76.8
83.7
89.1
92.8
91.1
90.4
85.5
74.3
69.3
79.1
84.8
86.2
86.9
86.4
91.6
93.7
95.7
95.5
96.1
96.0
95.8
93.1
31
95.5
91.5
88.9
87.3
90.5
91.9
93.1
96.1
94.9
95.7
92.8
91.4
92.3
95.0
90.8
86.3
92.3
93.8
92.9
92.9
95.7
90.5
92.0
93.5
96.2
100.9
99.8
101.5
104.3
98.2
98.8
31
100.5
99.5
99.2
99.6
100.0
101.4
99.3
99.4
100.8
99.8
96.4
93.0
94.9
96.9
90.8
91.2
91.4
91.4
92.4
90.7
87.9
96.6
99.5
96.0
92.6
94.3
96.6
97.1
99.3
96.0
96.0
30
97.7
98.5
97.0
96.0
95.6
90.8
94.3
94.7
92.5
92.1
92.1
93.9
96.2
95.0
94.4
91.8
91.0
90.6
91.2
91.5
90.8
90.3
89.5
89.6
88.3
89.6
90.0
85.2
79.1
81.6
31
82.0
82.8
84.0
84.0
80.6
76.4
79.1
79.6
81.0
83.9
84.5
83.6
83.5
87.3
86.0
84.0
77.2
78.7
78.3
79.8
80.9
77.5
69.9
68.4
70.8
70.8
74.6
75.5
77.7
75.2
69.1
30
70.1
69.0
70.8
72.1
71.0
66.7
69.2
71.5
71.5
71.0
71.0
72.2
72.4
70.5
71.0
72.2
72.7
72.2
70.5
70.8
70.8
68.4
68.5
71.2
72.4
71.1
68.3
63.7
63.6
64.9
31
65.5
65.6
64.8
64.6
66.7
66.8
67.2
67.1
64.9
64.6
63.2
63.4
61.5
64.1
60.7
58.5
58.1
54.7
54.2
54.0
53.8
51.7
49.7
49.2
51.4
55.7
57.2
55.6
58.2
55.9
57.7