31
71.3
72.5
73.2
71.9
70.4
73.6
68.7
69.5
71.0
72.9
76.2
73.9
72.5
73.9
73.1
74.1
75.3
74.4
73.6
72.5
72.4
75.7
76.1
73.9
72.1
76.6
74.8
77.0
77.4
77.9
73.4
28
75.1
73.2
73.8
74.1
72.9
74.6
68.9
67.4
70.2
74.9
69.4
65.7
73.9
71.9
70.1
73.5
76.5
76.9
74.8
73.2
74.8
73.9
75.4
74.7
74.3
73.0
73.1
74.3
31
74.3
73.9
74.1
73.6
76.3
72.9
72.6
74.4
75.5
71.5
76.4
76.8
75.0
74.0
73.7
73.6
74.9
74.7
77.2
78.4
76.2
74.8
75.6
75.8
76.4
76.0
76.0
75.4
74.4
74.8
74.6
30
75.3
74.9
72.5
74.0
75.3
77.1
76.8
76.4
78.3
78.3
79.1
78.1
77.2
78.2
76.7
77.1
77.9
77.1
77.3
76.5
76.2
74.8
73.6
74.6
72.5
72.3
71.6
71.6
69.7
71.6
31
71.5
74.4
76.8
78.6
79.5
78.0
73.3
74.6
76.4
77.5
78.0
78.3
78.9
79.0
77.7
77.3
77.4
76.6
75.8
75.1
75.9
75.9
80.4
80.6
78.7
78.4
79.7
79.2
79.6
79.3
79.4
30
79.7
78.5
79.4
79.4
79.1
80.1
79.7
80.2
80.6
79.9
80.1
79.9
79.2
79.8
81.1
80.6
80.9
81.0
81.1
80.4
80.0
79.2
80.3
80.6
81.2
80.2
80.6
80.8
82.1
81.3
31
81.2
80.7
81.5
79.7
82.2
82.1
82.2
82.0
82.2
80.6
82.0
81.7
82.3
81.5
83.6
83.7
82.9
80.3
81.7
83.1
82.6
82.2
81.5
81.0
83.0
82.5
82.9
82.0
81.8
82.4
82.2
31
82.0
82.7
82.3
82.5
83.5
82.8
82.7
83.2
80.8
81.0
79.7
81.7
82.0
81.1
81.2
80.4
81.4
81.9
82.4
82.6
82.8
82.7
83.1
83.8
82.6
81.5
82.2
82.6
82.3
83.0
82.5
30
82.0
81.8
81.8
82.4
82.1
80.7
80.8
81.6
82.2
82.2
80.3
80.7
81.4
82.1
83.0
82.9
83.5
83.4
84.0
83.3
82.5
82.8
82.8
83.3
83.3
84.0
83.0
83.6
81.9
82.2
31
83.4
83.0
82.7
82.2
82.4
82.1
80.5
79.7
81.8
81.5
81.4
81.7
82.1
81.8
81.4
82.6
82.5
82.1
82.0
81.4
81.9
81.6
82.1
81.3
81.3
80.8
79.0
77.8
77.3
78.6
77.3
30
78.4
80.3
82.8
80.5
81.0
79.7
79.4
79.5
81.2
82.0
81.5
78.7
75.7
76.0
78.1
77.5
79.6
80.7
81.0
77.8
78.0
77.2
77.7
77.0
80.7
81.0
81.0
78.5
79.0
79.3
31
78.8
77.5
78.2
78.3
77.2
80.7
81.0
81.4
81.6
81.4
78.9
78.4
81.0
80.5
79.9
79.0
79.6
79.4
77.7
75.9
75.6
75.4
77.3
76.7
77.2
77.8
76.0
76.7
76.7
79.5
74.6