10
38.5
37.2
29.7
30.6
20.6
26.7
43.9
32.6
30.5
24.9
11
38.3
37.6
19.5
29.6
24.9
7.5
7.3
19.9
21.1
29.0
37.3
13
29.4
30.0
25.8
29.5
32.3
37.3
38.0
51.0
41.2
25.9
27.9
31.6
42.0
14
42.1
37.0
38.7
46.0
27.1
30.4
40.2
37.4
44.0
40.7
40.8
41.8
57.7
49.8
15
43.6
45.9
48.8
58.0
60.7
54.7
49.3
49.7
52.9
55.4
49.2
48.9
51.9
52.3
49.5
16
78.7
73.8
71.8
68.3
71.0
67.7
62.6
67.7
61.6
60.6
62.6
65.7
59.6
59.7
61.7
68.1
17
75.3
75.4
70.5
72.6
74.5
74.9
77.2
73.0
70.7
73.2
67.9
66.8
75.7
84.9
88.4
75.3
65.8
18
83.8
79.5
69.7
75.2
71.8
65.4
65.7
68.2
73.9
77.9
78.0
78.5
77.8
73.2
74.2
78.9
79.2
73.1
19
76.6
69.3
64.0
66.7
70.9
70.1
70.5
63.6
60.8
64.2
59.8
66.0
68.3
73.7
61.8
57.7
59.8
63.2
58.0
20
52.1
57.9
68.0
65.8
62.3
57.3
55.1
59.4
57.5
56.2
59.9
66.1
70.3
67.3
62.9
52.0
50.7
54.3
57.5
54.6
21
46.1
50.5
50.1
47.6
40.0
42.6
44.6
47.5
36.3
34.5
51.7
52.1
35.4
40.3
50.2
41.2
39.3
37.9
43.1
40.6
45.7
22
35.4
40.9
31.8
43.5
35.3
40.6
35.7
29.4
26.6
31.1
21.6
21.4
22.7
22.5
30.0
29.5
31.6
31.5
23.8
25.7
24.1
34.2